OR4F5
1
0.783909
0.526984
0.239068
0.239067
0.239066
0.239065
0.239062
0.239061
0.239061
0.23906
0.23906
0.23906
0.23906
0.23906
0.239059
0.239058
0.239058
0.239057
0.239057
0.239056
0.239056
0.239056
0.239056
0.239056
0.239056
0.239056
0.239056
0.239056
0.239056
0.047736
0.047736
0.047736
0.047619
0.047619
0.047619
0.047619
0.047619
0.047619
0.047618
0.047618
0.047618
0.047618
0.047618
0.047617
0.047617
0.047617
0.047617
0.047616
0.047616
0.047616
0.047616
0.047616
0.047616
0.047616
0.047615
0.047615
0.047615
0.047615
0.047615
0.047614
0.047614
0.047613
0.047613
0.047613
0.047613
0.047613
0.047613
0.047613
0.047613
0.047613
0.047613
0.047613
0.047612
0.04761
0.04761
0.04761
0.047609
0.047608
0.047607
0.047607
0.047607
0.047607
0.047607
0.047607
0.047607
0.047607
0.047607
0.047607
0.047606
0.047606
0.047606
0.047606
0.047606
0.047605
0.047605
0.047605
0.047604
0.047603
0.047603
0.047603
0.047603
0.047603
0.047603
0.046187
0.046187
0.046187
0.0461859999999999
0.046185
0.046185
0.046185
0.046184
0.046184
0.046184
0.046184
0.046184
0.046184
0.044762
0.044762
0.044762
0.0447610000000001
0.0447610000000001
0.0447610000000001
0.044674
0.044674
0.044673
0.044672
0.044671
0.04467
0.044669
0.044668
0.044666
0.044666
0.044665
0.044665
0.044665
0.044665
0.044665
0.044665
0.044664
0.044664
0.044664
0.044662
0.044662
0.044662
0.044662
0.044662
0.044662
0.044637
0.044636
0.044636
0.044547
0.044547
0.044547
0.044547
0.044546
0.044546
0.0445449999999999
0.0445410000000001
0.04454
0.044539
0.044539
0.044538
0.044538
0.044538
0.044538
0.044537
0.044536
0.044536
0.044536
0.044535
0.044535
0.044535
0.044533
0.044533
0.044533
0.044532
0.042385
0.042385
0.042385
0.042385
0.042361
0.042361
0.042361
0.042361
0.04236
0.04236
0.042344
0.042344
0.042344
0.042342
0.042342
0.042341
0.04228
0.04208
0.04208
0.04208
0.042079
0.042079
0.0420779999999999
0.0420779999999999
0.0420779999999999
0.0420779999999999
0.042077
0.042076
0.042076
0.042075
0.042075
0.042075
0.042075
0.042075
0.042044
0.00116000000000005
0.00116000000000005
0.00115900000000002
0.00115699999999996
0.00115699999999996
0.00115600000000005
0.00115600000000005
0.00115500000000002
0.00115500000000002
0.00115500000000002
0.00115399999999999
0.00115299999999996
0.00115200000000004
0.00115200000000004
0.00115200000000004
0.00114999999999998
0.00114999999999998
0.00114899999999996
0.00114899999999996
9.1999999999981e-05
9.1999999999981e-05
9.09999999999522e-05
9.09999999999522e-05
9.00000000000345e-05
8.7999999999977e-05
8.7999999999977e-05
8.7999999999977e-05
8.7999999999977e-05
8.7999999999977e-05
8.7999999999977e-05
8.7999999999977e-05
8.7999999999977e-05
8.7999999999977e-05
8.7999999999977e-05
8.69999999999482e-05
8.60000000000305e-05
8.60000000000305e-05
8.60000000000305e-05
8.50000000000017e-05
8.50000000000017e-05
8.50000000000017e-05
8.50000000000017e-05
8.50000000000017e-05
8.50000000000017e-05
8.50000000000017e-05
8.50000000000017e-05
8.50000000000017e-05
8.50000000000017e-05
8.50000000000017e-05
8.50000000000017e-05
8.50000000000017e-05
8.3999999999973e-05
8.30000000000553e-05
8.30000000000553e-05
8.30000000000553e-05
8.09999999999977e-05
8.09999999999977e-05
8.09999999999977e-05
7.9999999999969e-05
7.80000000000225e-05
7.80000000000225e-05
7.80000000000225e-05
7.80000000000225e-05
7.80000000000225e-05
7.80000000000225e-05
7.80000000000225e-05
1.99999999994649e-06
1.99999999994649e-06
1.99999999994649e-06
1.99999999994649e-06
1.99999999994649e-06
1.99999999994649e-06
1.99999999994649e-06
1.99999999994649e-06
1.00000000002876e-06
1.00000000002876e-06
1.00000000002876e-06
1.00000000002876e-06
1.00000000002876e-06
1.00000000002876e-06
1.00000000002876e-06
1.00000000002876e-06
1.00000000002876e-06
1.00000000002876e-06
1.00000000002876e-06
1.00000000002876e-06
1.00000000002876e-06
0
0
0
0
0
0
0
0
0
0
0
0
0
0
0
0
0
0
0
0
0
0
0
0
0
0
0
0
0
0
0
0
0
0
0
0
0
0
0
0
0
0
0
0
0
0
0
0
0
0
0
0
0
0
0
0
0
0
0
0
0
0
0
0
0
0
0
0
0
0
0
0
0
0
0
0
0
0
0
0
0
0
0
0
0
0
0
0
0
0
0
0
0
0
0
0
0
0
0
0
0
0
0
0
0
0
0
0
0
0
0
0
0
0
0
0
0
0
0
0
0
0
0
0
0
0
0
0
0
0
0
0
0
0
0
0
0
0
0
0
0
0
0
0
0
0
0
0
0
0
0
0
0
0
0
0
0
0
0
0
0
0
0
0
0
0
0
0
0
0
0
0
0
0
0
0
0
0
0
0
0
0
0
0
0
0
0
0
0
0
0
0
0
0
0
0
0
0
0
0
0
0
0
0
0
0
0
0
0
0
0
0
0
0
0
0
0
0
0
0
0
0
0
0
0
0
0
0
0
0
0
0
0
0
0
0
0
0
0
0
0
0
0
0
0
0
0
0
0
0
0
0
0
0
0
0
0
0
0
0
0
0
0
0
0
0
0
0
0
0
0
0
0
0
0
0
0
0
0
0
0
0
0
0
0
0
0
0
0
0
0
0
0
0
0
0
0
0
0
0
0
0
0
0
0
0
0
0
0
0
0
0
0
0
0
0
0
0
0
0
0
0
0
0
0
0
0
0
0
0
0
0
0
0
0
0
0
0
0
0
0
0
0
0
0
0
0
0
0
0
0
0
0
0
0
0
0
0
0
0
0
0
0
0
0
0
0
0
0
0
0
0
0
0
0
0
0
0
0
0
0
0
0
0
0
0
0
0
0
0
0
0
0
0
0
0
0
0
0
0
0
0
0
0
0
0
0
0
0
0
0
0
0
0
0
0
0
0
0
0
0
0
0
0
0
0
0
0
0
0
0
0
0
0
0
0
0
0
0
0
0
0
0
0
0
0
0
0
0
0
0
0
0
0
0
0
0
0
0
0
0
0
0
0
0
0
0
0
0
0
0
0
0
0
0
0
0
0
0
0
0
0
0
0
0
0
0
0
0
0
0
0
0
0
0
0
0
0
0
0
0
0
0
0
0
0
0
0
0
0
0
0
0
0
0
0
0
0
0
0
0
0
0
0
0
0
0
0
0
0
0
0
0
0
0
0
0
0
0
0
0
0
0
0
0
0
0
0
0
0
0
0
0
0
0
0
0
0
0
0
0
0
0
0
0
0
0
0
0
0
0
0
0
0
0
0
0
0
0
0
0
0
0
0
0
0
0
0
0
0
0
0
0
0
0
0
0
0
0
0
0
0
0
0
0
0
0
0
0
0
0
0
0
0
0
0
0
0
0
0
0
0
0
0
0
0
0
0
0
0
0
0
0
0
0
0
0
0
0
0
0
0
0
0
0
0
0
0
0
0
0
0
0
0
0
0
0
0
0
0
0
0
0
0
0
0
0
0
0
0
0
0
0
0
0
0
0
0
0
0
0
0
0
0
0
0
0
0
0
0
0
0
0
0
0
0
0
0
0
0
0
0
0
0
0
0
0
0
0
0
0
0
0
0
0
0
0
0
0
0
0
0
0
0
0
0
0
0
0
0
0
0
0
0
0
0
0
0
0
0
0
0
0
0
0
0
0
0
0
0
0
0
0
0
0
0
0
0
0
0
0
0
0
0
0
0
0
0
0
0
0
0
0
0
0
0
0
0
0
0
0
0
0
0
0
0
0
0
0
0
0
0
0
0
0
0
0
0
0
0
0
0
0
0
0
0
0
0
0
0
0
0
0
0
0
0
0
0
0
0
0
0
0
0
0
0
0
0
0
0
0
0
0
0
0
0
0
0
0
0
0
0
0
0
0
0
0
0
0
0
0
0
0
0
0
0
0
0
0
0
0
0
0
0
0
0
0
0
0
0
0
0
0
0
0
0
0
0
0
0
0
0
0
0
0
0
0
0
0
0
0
0
0
0
0
0
0
0
0
0
0
0
0
0
0
0
0
0
0
0
0
0
0
0
0
0
0
0
0
0
0
0
0
0
0
0
0
0
0
0
0
0
0
0
0
0
0
0
0
0
0
0
0
0
0
0
0
0
0
0
0
0
0
0
0
0
0
0
0
0
0
0
0
0
0
0
0
0
0
0
0
0
0
0
0
0
0
0
0
0
0
0
0
0
0
0
0
0
0
0
0
0
0
0
0
0
0
0
0
0
0
0
0
0
0
0
0
0
0
0
0
0
0
0
0
0
0
0
0
0
0
0
0
0
0
0
0
0
0
0
0
0
0
0
0
0
0
0
0
0
0
0
0
0
0
0
0
0
0
0
0
0
0
0
0
0
0
0
0
0
0
0
0
0
0
0
0
0
0
0
0
0
0
0
0
0
0
0
0
0
0
0
0
0
0
0
0
0
0
0
0
0
0
0
0
0
0
0
0
0
0
0
0
